# DADES:
0.197433471679688,23.2397373922177,4.82076108018409,0.057362692872771,24.9598454758206,634.433355996892,701.371212121212,0.207747109103062,0.04315886134068,0.370373572705534,10.3560606060606,0.86380276292994,7.45834073120019E-155
7.94439697265625,802.626796364235,28.3306688301606,0.025839148455818,4.39852377760567,21.1317609524959,206.879346258612,0.138107877224879,0.019073785751562,0.359570713844173,7.47348181381189,0.962886806508409,7.45834073120019E-155
3.78968811035156,519.153559718285,22.7849415122858,0.00157338574357,6.49319404828679,43.8822289500284,173.78487394958,0.033055595034167,0.001092672363063,0.236769299083317,8.4593837535014,0.926032915019801,7.45834073120019E-155
20.9768218994141,1144.45606603017,33.8298103162015,0.062252209732449,2.10623529545886,4.79833883200382,166.395916264693,0.217934325592743,0.047495370271564,0.488448886825726,5.19308762234815,0.948807891306821,7.45834073120019E-155
21.2345123291016,1208.85017390211,34.7685227454677,0.063773925662997,2.08207880865806,4.6473095507897,158.437600160256,0.22066588562954,0.04869343308067,0.487130765549831,5.21173878205128,0.950971910762526,7.4583407312002E-155
20.4353485107422,1227.15143951165,35.0307213672748,0.066763238434175,2.14462530729276,4.88203433514707,161.158675496689,0.225930928275797,0.051044784351564,0.502712050930512,5.08312582781457,0.952749246962317,7.4583407312002E-155


# CLASSIFICACIÓ CORRECTE (en ordre):
1
1
1
0
0
0

